local a=...local b=Instance.new("Model")local c=Instance.new("Part")c.CanCollide=a;c.CanTouch=false;c.CanQuery=false;c.Massless=true;local a=Instance.new("Decal")a.Name="Pants"local d=Instance.new("Decal")d.Name="Shirt"local e=c:Clone()e.Transparency=1;local f=e:Clone()f.Name="L"f.Size=Vector3.new(1,2,1)f.CFrame=CFrame.new(-0.4527890384197235,1.023002028465271,0.045776642858982086)f.Parent=b;local g=c:Clone()g.Name="Left Leg"g.Size=Vector3.new(1.0410000085830688,2.257999897003174,1.1089999675750732)g.CFrame=CFrame.new(-0.4518429934978485,1.1290019750595093,0.08111599832773209,-1,0,0,0,1,0,0,0,-1)g.Parent=f;a:Clone().Parent=g;local h=Instance.new("SpecialMesh")h.MeshId="rbxassetid://8815913223"h.Parent=g;local i=Instance.new("Motor6D")i.C0=CFrame.new(0.000946044921875,-0.10599994659423828,0.03533935546875,-1,0,0,0,1,0,0,0,-1)i.Parent=g;local j=e:Clone()j.Name="R"j.Size=Vector3.new(1,2,1)j.CFrame=CFrame.new(0.547210156917572,1.023002028465271,0.045776061713695526)j.Parent=b;local k=c:Clone()k.Name="Right Leg"k.Size=Vector3.new(1.0410000085830688,2.257999897003174,1.1089999675750732)k.CFrame=CFrame.new(0.566008985042572,1.1290019750595093,0.08386199921369553,-1,0,0,0,1,0,0,0,-1)k.Parent=j;h=Instance.new("SpecialMesh")h.MeshId="rbxassetid://8815909538"h.Parent=k;local l=Instance.new("Motor6D")l.C0=CFrame.new(0.018798828125,-0.10599994659423828,0.0380859375,-1,0,0,0,1,0,0,0,-1)l.Parent=k;a:Clone().Parent=k;local m=e:Clone()m.Name="T"m.Size=Vector3.new(2,2,1)m.CFrame=CFrame.new(0.047210413962602615,3.0230042934417725,0.04577052593231201,1,3.552713678800501e-15,1.4210854715202004e-14,1.0658141036401503e-14,1,0,1.4210854715202004e-14,0,1)m.Parent=b;local n=c:Clone()n.Name="Torso"n.Size=Vector3.new(1.7899999618530273,1.9930000305175781,1.149999976158142)n.CFrame=CFrame.new(0.047179896384477615,3.0232505798339844,0.04595363140106201,1,3.552713678800501e-15,1.4210854715202004e-14,1.0658141036401503e-14,1,0,1.4210854715202004e-14,0,1)n.Parent=m;h=Instance.new("SpecialMesh")h.Scale=Vector3.new(1.1200000047683716,1,1)h.MeshId="rbxassetid://8816094443"h.Parent=n;local o=c:Clone()o.Transparency=1;o.CFrame=CFrame.new(0.04846157878637314,3.3969132900238037,-0.6476860046386719,-4.0144584545487305e-08,2.9614259489108008e-08,-1,0.008873939514160156,0.9999597072601318,2.9256835176738605e-08,0.9999597072601318,-0.008873939514160156,-4.040624546064464e-08)o.Parent=n;local p=Instance.new("Motor6D")p.C1=CFrame.new(0,0.08400000631809235,0.10700000077486038,1,0,0,0,0.9747940897941589,0.22310635447502136,0,-0.22310635447502136,0.9747940897941589)p.C0=CFrame.new(0.10687255859375,0.2703094482421875,0.000274658203125,1.275640215681051e-07,-0.20107793807983398,-0.9795749187469482,-3.0390033600724564e-08,0.9795749187469482,-0.20107793807983398,1,5.541971859202022e-08,1.1884796435879252e-07)p.Parent=o;local q=c:Clone()q.Name="BRSTVisual"q.Size=Vector3.new(1.798589825630188,1.1150000095367432,1.2953031063079834)q.CFrame=CFrame.new(0.06478849053382874,3.4300038814544678,-0.5032774806022644,-1,-1.2612133559741778e-13,-8.741993440253282e-08,-8.881784197001252e-15,0.9999954700469971,-9.31318855368346e-10,8.741722012928221e-08,-9.313237958608056e-10,-0.9999954700469971)q.Parent=o;h=Instance.new("SpecialMesh")h.Scale=Vector3.new(0.9958570003509521,1.0420000553131104,0.9295699596405029)h.MeshId="rbxassetid://9687448799"h.Parent=q;local r=Instance.new("Motor6D")r.C0=CFrame.new(0.016326904296875,0,0.1444091796875,1.2755893408211705e-07,-3.039001938986985e-08,1,0.008873915299773216,0.9999570250511169,2.925687425658907e-08,-0.9999570250511169,0.008873915299773216,1.278255865599931e-07)r.Parent=q;h=Instance.new("SpecialMesh")h.Scale=Vector3.new(1.055999994277954,1.059999942779541,1.0269999504089355)h.MeshId="rbxassetid://7606070501"h.Parent=o;d:Clone().Parent=o;e.Size=Vector3.new(1.6741605997085571,0.0010000000474974513,0.0010000020265579224)local s=e:Clone()s.Name="BTJ"s.CFrame=CFrame.new(0.0572507381439209,2.2461838722229004,0.49682897329330444,-1,6.181726064369286e-08,-6.181723222198343e-08,-3.552713678800501e-15,0.7071066498756409,0.7071069478988647,8.74227694680485e-08,0.7071069478988647,-0.7071066498756409)s.Parent=n;local t=Instance.new("Motor6D")t.Name="BJ"t.C0=CFrame.new(0.01007080078125,0.23065185546875,0.8682861328125,-1,-3.552713678800501e-15,8.742277657347586e-08,6.181726064369286e-08,0.7071066498756409,0.7071069478988647,-6.181722511655607e-08,0.7071069478988647,-0.7071066498756409)t.Parent=s;local u=Instance.new("Weld")u.C0=CFrame.new(-0.37371826171875,-0.2708740234375,-0.2894287109375,1.3113415775478643e-07,-3.552713678800501e-15,1,0.7071069478988647,0.7071066498756409,-9.272588386011194e-08,-0.7071066498756409,0.7071069478988647,9.272584122754779e-08)u.Parent=s;local v=Instance.new("Weld")v.C0=CFrame.new(0.40625,-0.2708740234375,-0.2894287109375,1.3113415775478643e-07,-3.552713678800501e-15,1,0.7071069478988647,0.7071066498756409,-9.272588386011194e-08,-0.7071066498756409,0.7071069478988647,9.272584122754779e-08)v.Parent=s;local e=e:Clone()e.Name="BUJ"e.Size=Vector3.new(1.6741605997085571,0.0010000000474974513,0.0010000020265579224)e.CFrame=CFrame.new(0.04818693548440933,3.6372506618499756,-0.4107417166233063,-1,-3.6946513404245707e-08,-7.923206624127488e-08,-1.2434497875801753e-14,0.9063072800636292,-0.4226180911064148,8.742255630522777e-08,-0.4226180911064148,-0.9063072800636292)e.Parent=n;local w=Instance.new("Motor6D")w.Name="BJJ"w.C0=CFrame.new(0.001007080078125,-0.749481201171875,-0.1544189453125,-1,-1.7763568394002505e-15,8.742257051608249e-08,-3.694650985153203e-08,0.9063072800636292,-0.4226180911064148,-7.923205203042016e-08,-0.4226180911064148,-0.9063072800636292)w.Parent=e;local x=Instance.new("Motor6D")x.C0=CFrame.new(0.000030517578125,-0.00024628639221191406,-0.00018310546875)x.Parent=n;local y=Instance.new("Model")y.Parent=n;local z=c:Clone()z.Name="LeftCHK"z.Size=Vector3.new(1.2369999885559082,1.2999999523162842,1.3450000286102295)z.CFrame=CFrame.new(-0.3489992618560791,1.8499900102615356,0.5099490880966187,-4.3711370523169535e-08,3.552713678800501e-15,-1,0,1,-7.105427357601002e-15,1,0,-4.3711402497592644e-08)z.Parent=y;h=Instance.new("SpecialMesh")h.MeshId="rbxassetid://10036203951"h.Parent=z;a:Clone().Parent=z;local c=c:Clone()c.Name="RightCHK"c.Size=Vector3.new(1.2369999885559082,1.2999999523162842,1.3450000286102295)c.CFrame=CFrame.new(0.4309689998626709,1.8499900102615356,0.5099490284919739,-4.371138828673793e-08,0,-1,0,1,0,1,0,-4.371138828673793e-08)c.Parent=y;a:Clone().Parent=c;h=Instance.new("SpecialMesh")h.MeshId="rbxassetid://10036203951"h.Parent=c;a:Clone().Parent=n;local a=d:Clone()a.ZIndex=0;a.Parent=n;l.Part1=j;l.Part0=k;i.Part1=f;i.Part0=g;p.Part1=e;p.Part0=o;r.Part1=o;r.Part0=q;t.Part1=n;t.Part0=s;u.Part1=c;u.Part0=s;v.Part1=z;v.Part0=s;w.Part1=n;w.Part0=e;x.Part1=m;x.Part0=n;return b
